solid
facet normal -8.2903757E-01 +5.5919290E-01 +0.0000000E+00
outer loop
vertex   +5.7307710E+02 +8.4962174E+02 +1.5500000E+03
vertex   +5.7307710E+02 +8.4962174E+02 +1.6500000E+03
vertex   +9.6842054E+02 +1.4357425E+03 +1.6500000E+03
endloop
endfacet
facet normal -8.2903757E-01 +5.5919290E-01 +0.0000000E+00
outer loop
vertex   +9.6842054E+02 +1.4357425E+03 +1.6500000E+03
vertex   +9.6842054E+02 +1.4357425E+03 +1.5500000E+03
vertex   +5.7307710E+02 +8.4962174E+02 +1.5500000E+03
endloop
endfacet
facet normal -7.0710678E-01 -7.0710678E-01 +0.0000000E+00
outer loop
vertex   +8.4962174E+02 +5.7307710E+02 +1.5500000E+03
vertex   +8.4962174E+02 +5.7307710E+02 +1.6500000E+03
vertex   +5.7307710E+02 +8.4962174E+02 +1.6500000E+03
endloop
endfacet
facet normal -7.0710678E-01 -7.0710678E-01 +0.0000000E+00
outer loop
vertex   +5.7307710E+02 +8.4962174E+02 +1.6500000E+03
vertex   +5.7307710E+02 +8.4962174E+02 +1.5500000E+03
vertex   +8.4962174E+02 +5.7307710E+02 +1.5500000E+03
endloop
endfacet
facet normal +5.5919290E-01 -8.2903757E-01 +0.0000000E+00
outer loop
vertex   +1.4357425E+03 +9.6842054E+02 +1.6500000E+03
vertex   +8.4962174E+02 +5.7307710E+02 +1.6500000E+03
vertex   +8.4962174E+02 +5.7307710E+02 +1.5500000E+03
endloop
endfacet
facet normal +5.5919290E-01 -8.2903757E-01 +0.0000000E+00
outer loop
vertex   +8.4962174E+02 +5.7307710E+02 +1.5500000E+03
vertex   +1.4357425E+03 +9.6842054E+02 +1.5500000E+03
vertex   +1.4357425E+03 +9.6842054E+02 +1.6500000E+03
endloop
endfacet
facet normal +7.0710678E-01 +7.0710678E-01 +0.0000000E+00
outer loop
vertex   +9.6842054E+02 +1.4357425E+03 +1.5500000E+03
vertex   +9.6842054E+02 +1.4357425E+03 +1.6500000E+03
vertex   +1.4357425E+03 +9.6842054E+02 +1.6500000E+03
endloop
endfacet
facet normal +7.0710678E-01 +7.0710678E-01 +0.0000000E+00
outer loop
vertex   +1.4357425E+03 +9.6842054E+02 +1.6500000E+03
vertex   +1.4357425E+03 +9.6842054E+02 +1.5500000E+03
vertex   +9.6842054E+02 +1.4357425E+03 +1.5500000E+03
endloop
endfacet
facet normal +2.3166782E-16 +2.3166782E-16 -1.0000000E+00
outer loop
vertex   +1.4357425E+03 +9.6842054E+02 +1.5500000E+03
vertex   +8.4962174E+02 +5.7307710E+02 +1.5500000E+03
vertex   +5.7307710E+02 +8.4962174E+02 +1.5500000E+03
endloop
endfacet
facet normal +2.3166782E-16 +2.3166782E-16 -1.0000000E-00
outer loop
vertex   +5.7307710E+02 +8.4962174E+02 +1.5500000E+03
vertex   +9.6842054E+02 +1.4357425E+03 +1.5500000E+03
vertex   +1.4357425E+03 +9.6842054E+02 +1.5500000E+03
endloop
endfacet
facet normal -5.2222836E-16 -3.5682262E-17 +1.0000000E-00
outer loop
vertex   +1.4357425E+03 +9.6842054E+02 +1.6500000E+03
vertex   +9.6842054E+02 +1.4357425E+03 +1.6500000E+03
vertex   +5.7307710E+02 +8.4962174E+02 +1.6500000E+03
endloop
endfacet
facet normal -5.6285614E-16 +2.5933905E-16 +1.0000000E+00
outer loop
vertex   +5.7307710E+02 +8.4962174E+02 +1.6500000E+03
vertex   +8.4962174E+02 +5.7307710E+02 +1.6500000E+03
vertex   +1.4357425E+03 +9.6842054E+02 +1.6500000E+03
endloop
endfacet
endsolid
